p_no	u_no	m_no
1	58	90
2	89	55
3	39	19
4	28	11
5	96	18
6	99	13
7	80	13
8	21	96
9	18	7
10	9	11
11	78	61
12	60	59
13	13	23
14	16	50
15	7	43
16	89	6
17	99	33
18	4	31
19	26	78
20	5	54
21	61	99
22	63	54
23	5	39
24	89	70
25	73	18
26	36	29
27	64	92
28	91	46
29	38	50
30	11	53
31	72	60
32	7	19
33	59	39
34	3	32
35	29	18
36	2	11
37	10	5
38	26	64
39	32	53
40	87	75
41	41	93
42	91	25
43	77	39
44	38	23
45	22	52
46	51	10
47	67	89
48	2	59
49	7	38
50	57	17
51	49	51
52	90	51
53	45	51
54	1	92
55	69	57
56	89	86
57	48	32
58	88	24
59	22	96
60	60	12
61	20	3
62	67	9
63	97	21
64	57	84
65	70	43
66	85	23
67	17	89
68	25	81
69	75	39
70	78	95
71	100	90
72	55	48
73	63	52
74	83	14
75	55	84
76	57	52
77	41	79
78	7	85
79	64	34
80	93	43
81	70	36
82	54	58
83	86	22
84	77	8
85	42	80
86	44	57
87	53	90
88	62	11
89	57	89
90	16	17
91	78	43
92	15	46
93	47	32
94	54	50
95	73	82
96	73	49
97	6	42
98	23	14
99	52	41
100	45	63
101	75	64
102	10	78
103	50	66
104	20	18
105	6	12
106	21	7
107	16	3
108	40	16
109	58	56
110	54	95
111	96	28
112	72	79
113	24	34
114	61	14
115	57	40
116	89	66
117	53	85
118	68	5
119	28	97
120	66	51
121	44	63
122	92	74
123	14	49
124	8	11
125	68	82
126	99	35
127	9	36
128	34	2
129	2	44
130	20	2
131	1	78
132	78	66
133	26	20
134	37	96
135	13	36
136	98	11
137	3	13
138	77	80
139	63	19
140	8	1
141	5	56
142	73	3
143	28	49
144	87	92
145	78	25
146	58	80
147	7	13
148	20	62
149	87	27
150	14	30
151	52	78
152	50	33
153	56	59
154	38	45
155	90	71
156	79	71
157	6	88
158	43	99
159	60	73
160	51	89
161	96	81
162	28	31
163	49	14
164	72	76
165	97	47
166	35	95
167	56	38
168	10	76
169	38	17
170	43	8
171	69	80
172	82	73
173	48	35
174	26	82
175	86	4
176	6	76
177	36	48
178	77	42
179	45	13
180	55	60
181	82	29
182	10	37
183	22	86
184	36	55
185	87	13
186	40	65
187	48	20
188	70	45
189	90	43
190	64	94
191	56	19
192	1	87
193	12	58
194	61	19
195	68	86
196	75	98
197	29	62
198	27	53
199	74	58
200	49	59
201	50	94
202	6	80
203	62	20
204	3	44
205	95	87
206	25	36
207	14	76
208	71	45
209	93	59
210	45	68
211	4	15
212	41	58
213	26	14
214	90	9
215	91	84
216	23	86
217	53	32
218	82	92
219	10	64
220	51	12
221	64	49
222	80	77
223	5	38
224	92	79
225	81	36
226	21	35
227	1	11
228	28	1
229	26	43
230	17	13
231	11	37
232	46	14
233	27	45
234	5	10
235	31	58
236	66	65
237	81	58
238	87	67
239	49	45
240	71	96
241	96	8
242	77	19
243	65	89
244	78	87
245	65	11
246	51	74
247	50	57
248	46	11
249	88	72
250	62	92
251	28	92
252	89	50
253	26	31
254	32	74
255	42	60
256	48	6
257	51	53
258	58	49
259	65	78
260	12	11
261	20	67
262	97	33
263	79	19
264	72	3
265	97	28
266	3	9
267	22	38
268	80	33
269	18	50
270	94	29
271	75	72
272	58	18
273	50	26
274	89	65
275	5	24
276	38	4
277	59	17
278	86	90
279	13	21
280	69	55
281	95	17
282	47	60
283	54	76
284	37	63
285	88	70
286	57	19
287	80	81
288	49	3
289	21	97
290	72	24
291	60	7
292	66	3
293	98	82
294	61	75
295	77	90
296	95	99
297	5	50
298	55	20
299	7	18
300	8	38
301	66	9
302	32	8
303	25	97
304	71	23
305	43	86
306	84	19
307	82	37
308	41	24
309	66	22
310	67	72
311	29	58
312	36	17
313	36	99
314	93	48
315	24	96
316	87	54
317	95	16
318	25	55
319	21	55
320	79	83
321	47	31
322	57	29
323	91	13
324	78	11
325	58	1
326	32	44
327	61	53
328	8	61
329	11	64
330	79	31
331	8	28
332	28	54
333	47	49
334	84	95
335	40	46
336	18	91
337	81	33
338	82	87
339	88	84
340	17	58
341	66	36
342	75	9
343	57	7
344	69	74
345	77	24
346	6	57
347	57	12
348	47	48
349	16	41
350	63	65
351	77	65
352	46	91
353	49	63
354	77	73
355	69	90
356	73	59
357	51	61
358	1	13
359	19	34
360	69	65
361	64	61
362	61	86
363	55	38
364	59	46
365	71	76
366	64	26
367	71	91
368	100	91
369	64	77
370	76	60
371	44	80
372	76	85
373	36	72
374	57	46
375	22	62
376	79	2
377	8	81
378	50	58
379	98	30
380	16	52
381	40	66
382	57	86
383	73	72
384	70	35
385	35	63
386	67	80
387	36	59
388	21	70
389	23	96
390	97	25
391	76	1
392	50	72
393	89	39
394	66	13
395	52	43
396	46	89
397	93	99
398	33	16
399	32	15
400	47	16
401	78	76
402	97	76
403	52	19
404	27	78
405	50	12
406	13	92
407	72	62
408	69	59
409	57	97
410	92	54
411	11	28
412	71	10
413	58	97
414	44	60
415	73	62
416	54	79
417	42	78
418	90	54
419	17	80
420	26	95
421	15	84
422	27	33
423	50	46
424	17	38
425	79	30
426	70	19
427	19	88
428	9	92
429	5	19
430	60	5
431	100	95
432	8	59
433	24	16
434	87	94
435	41	3
436	44	6
437	22	74
438	3	70
439	82	63
440	39	81
441	75	5
442	32	47
443	85	45
444	4	60
445	53	5
446	12	80
447	12	98
448	71	44
449	69	22
450	12	6
451	52	30
452	46	5
453	51	16
454	13	1
455	45	20
456	51	84
457	100	35
458	60	40
459	96	78
460	56	42
461	51	18
462	10	29
463	22	94
464	4	35
465	43	65
466	97	19
467	26	56
468	86	23
469	93	62
470	12	29
471	46	59
472	23	38
473	95	6
474	2	72
475	27	32
476	25	38
477	80	20
478	90	85
479	55	97
480	96	72
481	8	23
482	91	7
483	9	72
484	84	34
485	9	53
486	33	89
487	89	29
488	40	33
489	16	19
490	35	2
491	27	3
492	98	35
493	84	61
494	68	49
495	46	75
496	1	25
497	60	57
498	18	13
499	98	95
500	42	91
501	59	14
502	86	76
503	38	88
504	63	45
505	5	27
506	39	57
507	38	46
508	14	74
509	97	23
510	22	19
511	47	7
512	81	39
513	23	33
514	53	67
515	23	47
516	37	49
517	23	51
518	72	78
519	97	31
520	28	77
521	52	70
522	22	83
523	99	66
524	42	50
525	82	99
526	79	34
527	82	56
528	32	83
529	20	90
530	9	91
531	73	98
532	3	98
533	81	69
534	85	31
535	66	81
536	58	35
537	4	58
538	92	85
539	84	68
540	37	70
541	92	41
542	55	31
543	80	25
544	95	35
545	69	21
546	39	37
547	86	65
548	93	36
549	87	63
550	51	37
551	88	37
552	73	92
553	76	83
554	88	89
555	28	47
556	76	54
557	64	32
558	88	40
559	75	22
560	85	91
561	43	90
562	87	77
563	77	99
564	41	32
565	40	39
566	32	77
567	96	71
568	85	24
569	85	86
570	56	15
571	4	46
572	9	1
573	91	86
574	87	87
575	36	88
576	9	93
577	6	64
578	43	62
579	44	21
580	99	88
581	63	6
582	12	3
583	23	32
584	22	41
585	36	41
586	6	45
587	50	97
588	39	40
589	55	89
590	42	11
591	38	36
592	28	52
593	68	84
594	64	73
595	36	1
596	72	42
597	22	99
598	37	43
599	9	41
600	86	54
601	71	92
602	5	14
603	90	26
604	39	34
605	43	78
606	87	45
607	11	20
608	99	17
609	34	18
610	67	11
611	45	30
612	83	25
613	30	44
614	64	99
615	55	56
616	18	24
617	89	12
618	14	54
619	10	31
620	20	25
621	9	52
622	20	88
623	38	32
624	96	24
625	35	9
626	47	39
627	81	54
628	10	51
629	6	69
630	39	39
631	6	97
632	28	63
633	47	15
634	69	35
635	33	36
636	74	39
637	9	43
638	35	31
639	74	89
640	31	97
641	73	25
642	1	79
643	48	30
644	52	29
645	21	90
646	53	73
647	64	72
648	23	34
649	89	3
650	20	38
651	18	94
652	74	77
653	50	38
654	29	7
655	69	92
656	51	88
657	45	90
658	19	85
659	81	49
660	47	59
661	29	87
662	91	38
663	17	11
664	49	89
665	84	16
666	68	55
667	55	94
668	11	97
669	29	68
670	20	1
671	99	63
672	72	51
673	90	87
674	8	67
675	26	99
676	36	90
677	25	47
678	98	33
679	48	15
680	56	89
681	5	4
682	83	77
683	49	75
684	44	28
685	35	79
686	62	81
687	36	35
688	43	84
689	82	40
690	92	93
691	77	68
692	51	5
693	85	94
694	19	42
695	59	16
696	69	83
697	90	80
698	6	62
699	95	50
700	83	65
701	11	23
702	90	15
703	97	62
704	43	29
705	99	70
706	83	35
707	45	37
708	56	66
709	35	98
710	82	74
711	90	25
712	48	41
713	8	95
714	32	61
715	17	37
716	78	28
717	18	89
718	33	19
719	93	82
720	72	93
721	96	26
722	34	53
723	3	12
724	15	50
725	46	49
726	45	48
727	77	51
728	86	46
729	71	5
730	74	81
731	6	5
732	84	90
733	9	98
734	4	99
735	92	46
736	39	91
737	38	33
738	81	21
739	95	31
740	64	2
741	93	89
742	87	6
743	30	8
744	59	97
745	67	61
746	91	44
747	31	60
748	89	46
749	84	64
750	76	94
751	37	41
752	89	98
753	58	82
754	97	71
755	18	39
756	44	14
757	79	44
758	39	65
759	87	22
760	65	14
761	59	2
762	63	70
763	41	43
764	55	61
765	37	56
766	99	74
767	75	78
768	86	48
769	31	10
770	82	98
771	35	11
772	27	42
773	42	57
774	58	55
775	9	82
776	65	58
777	7	57
778	2	60
779	3	10
780	48	85
781	73	6
782	58	72
783	94	33
784	94	10
785	2	32
786	42	59
787	10	14
788	12	53
789	49	9
790	32	10
791	18	17
792	28	9
793	92	13
794	14	47
795	36	91
796	3	78
797	28	19
798	35	58
799	48	34
800	50	7
801	100	26
802	75	86
803	68	62
804	88	36
805	41	49
806	40	25
807	39	33
808	10	91
809	68	26
810	38	10
811	59	35
812	72	4
813	73	43
814	66	30
815	79	80
816	94	41
817	81	76
818	100	87
819	92	69
820	45	97
821	40	77
822	96	74
823	27	58
824	34	88
825	49	24
826	82	65
827	62	24
828	95	58
829	21	40
830	30	30
831	84	48
832	31	50
833	6	44
834	63	83
835	12	64
836	51	95
837	41	65
838	29	96
839	53	6
840	82	53
841	77	96
842	56	79
843	15	29
844	71	46
845	15	75
846	42	53
847	60	8
848	16	71
849	11	54
850	28	98
851	62	23
852	67	25
853	66	99
854	14	94
855	66	98
856	75	58
857	33	65
858	31	3
859	12	49
860	8	18
861	38	74
862	43	46
863	3	6
864	74	96
865	64	95
866	36	94
867	63	11
868	69	75
869	55	23
870	21	19
871	96	66
872	32	23
873	19	89
874	100	4
875	23	68
876	66	73
877	81	20
878	80	86
879	29	76
880	22	16
881	4	45
882	79	11
883	28	90
884	8	62
885	54	15
886	28	69
887	13	24
888	94	15
889	43	15
890	16	13
891	85	40
892	92	90
893	75	53
894	48	71
895	96	10
896	85	77
897	16	92
898	87	39
899	93	54
900	49	92
901	82	27
902	92	44
903	56	45
904	6	8
905	36	92
906	85	61
907	2	36
908	87	68
909	61	17
910	72	40
911	37	83
912	19	63
913	59	69
914	8	26
915	20	95
916	89	16
917	85	5
918	69	10
919	12	5
920	8	16
921	54	17
922	54	54
923	70	21
924	78	71
925	26	91
926	72	96
927	95	69
928	47	50
929	14	84
930	2	37
931	11	55
932	1	21
933	46	61
934	28	46
935	61	10
936	22	7
937	83	95
938	49	58
939	69	89
940	84	10
941	12	96
942	18	1
943	24	12
944	99	7
945	14	70
946	97	13
947	64	14
948	26	96
949	84	76
950	11	39
951	12	72
952	98	37
953	88	92
954	21	77
955	70	89
956	36	71
957	3	80
958	34	24
959	88	22
960	98	26
961	13	16
962	95	71
963	17	92
964	92	72
965	22	27
966	66	89
967	54	7
968	82	72
969	33	53
970	39	41
971	64	63
972	86	77
973	79	42
974	45	55
975	79	89
976	16	95
977	44	17
978	76	97
979	96	84
980	38	97
981	11	32
982	72	94
983	76	71
984	23	89
985	36	89
986	4	2
987	31	63
988	80	28
989	12	31
990	2	98
991	96	19
992	50	82
993	30	71
994	51	11
995	76	84
996	12	56
997	8	22
998	71	50
999	91	17
1000	75	50
1001	99	87
1002	94	98
1003	18	93
1004	39	87
1005	87	32
1006	72	39
1007	89	94
1008	95	45
1009	49	54
1010	15	89
1011	14	15
1012	82	23
1013	59	74
1014	82	19
1015	39	49
1016	49	21
1017	36	18
1018	39	2
1019	19	61
1020	11	14
1021	39	61
1022	9	32
1023	97	5
1024	2	84
1025	20	61
1026	17	5
1027	29	52
1028	66	45
1029	47	79
1030	63	88
1031	61	13
1032	53	94
1033	89	4
1034	57	23
1035	37	1
1036	82	68
1037	61	97
1038	79	75
1039	68	93
1040	76	26
1041	42	66
1042	10	22
1043	60	53
1044	92	38
1045	14	25
1046	65	10
1047	55	57
1048	68	63
1049	74	14
1050	83	48
1051	63	4
1052	96	58
1053	75	74
1054	60	34
1055	84	46
1056	39	67
1057	68	20
1058	69	42
1059	67	6
1060	85	41
1061	29	3
1062	95	13
1063	59	30
1064	95	8
1065	11	98
1066	25	37
1067	76	91
1068	50	51
1069	17	7
1070	82	22
1071	83	91
1072	94	1
1073	79	13
1074	22	98
1075	18	63
1076	44	40
1077	1	75
1078	61	40
1079	77	34
1080	43	69
1081	89	48
1082	16	42
1083	11	50
1084	87	14
1085	24	67
1086	92	96
1087	15	3
1088	45	25
1089	92	83
1090	69	40
1091	7	61
1092	22	91
1093	71	89
1094	78	8
1095	69	19
1096	69	47
1097	94	52
1098	15	43
1099	31	41
1100	35	68
1101	2	16
1102	14	83
1103	25	46
1104	15	11
1105	26	8
1106	55	77
1107	87	86
1108	36	15
1109	5	1
1110	56	75
1111	28	66
1112	28	99
1113	13	26
1114	60	35
1115	32	45
1116	74	48
1117	53	30
1118	5	74
1119	96	9
1120	52	18
1121	46	3
1122	71	83
1123	46	67
1124	16	80
1125	13	28
1126	60	3
1127	30	7
1128	12	30
1129	15	69
1130	51	75
1131	27	74
1132	58	37
1133	55	46
1134	37	89
1135	50	42
1136	66	71
1137	75	63
1138	84	55
1139	27	91
1140	21	42
1141	79	38
1142	36	61
1143	40	62
1144	2	57
1145	50	37
1146	83	50
1147	8	64
1148	58	4
1149	12	4
1150	94	25
1151	78	48
1152	25	50
1153	100	96
1154	98	16
1155	53	2
1156	83	68
1157	96	3
1158	30	83
1159	17	59
1160	60	25
1161	4	6
1162	64	20
1163	22	67
1164	41	71
1165	1	30
1166	99	92
1167	100	81
1168	73	52
1169	8	76
1170	61	34
1171	93	11
1172	12	55
1173	23	84
1174	83	4
1175	8	94
1176	62	21
1177	84	28
1178	3	39
1179	31	29
1180	68	43
1181	10	28
1182	40	22
1183	16	34
1184	100	49
1185	49	5
1186	80	6
1187	30	68
1188	43	56
1189	30	89
1190	1	99
1191	96	86
1192	94	36
1193	13	37
1194	7	1
1195	47	71
1196	97	70
1197	5	48
1198	61	55
1199	80	24
1200	3	45
1201	97	27
1202	14	53
1203	84	96
1204	18	56
1205	83	13
1206	2	21
1207	30	84
1208	4	11
1209	73	97
1210	96	68
1211	34	95
1212	34	10
1213	99	81
1214	5	61
1215	80	65
1216	41	76
1217	32	11
1218	39	47
1219	74	15
1220	85	80
1221	75	32
1222	49	50
1223	58	12
1224	15	93
1225	79	16
1226	75	59
1227	16	20
1228	15	13
1229	17	12
1230	49	33
1231	65	36
1232	40	79
1233	99	21
1234	48	3
1235	17	15
1236	58	79
1237	93	76
1238	90	62
1239	22	58
1240	81	44
1241	65	69
1242	18	70
1243	28	72
1244	85	10
1245	84	66
1246	34	73
1247	30	46
1248	5	51
1249	73	99
1250	78	72
1251	35	76
1252	67	56
1253	62	84
1254	90	69
1255	85	36
1256	50	10
1257	71	95
1258	99	32
1259	62	5
1260	33	34
1261	65	46
1262	7	83
1263	96	17
1264	77	79
1265	76	4
1266	18	27
1267	76	33
1268	54	57
1269	81	81
1270	66	79
1271	28	17
1272	29	48
1273	57	57
1274	53	19
1275	64	23
1276	61	64
1277	24	29
1278	28	20
1279	21	58
1280	10	58
1281	1	57
1282	62	28
1283	10	65
1284	29	28
1285	11	87
1286	47	20
1287	11	34
1288	11	19
1289	46	51
1290	61	18
1291	5	45
1292	62	79
1293	66	86
1294	82	10
1295	91	23
1296	48	21
1297	54	14
1298	56	91
1299	61	57
1300	86	78
1301	68	66
1302	76	6
1303	82	81
1304	26	73
1305	83	5
1306	76	9
1307	85	33
1308	37	88
1309	19	98
1310	10	89
1311	94	39
1312	42	16
1313	33	80
1314	44	59
1315	75	31
1316	57	31
1317	82	24
1318	59	47
1319	81	72
1320	29	91
1321	66	47
1322	64	50
1323	17	47
1324	94	69
1325	26	79
1326	11	10
1327	80	68
1328	43	20
1329	71	57
1330	80	53
1331	12	14
1332	39	27
1333	76	75
1334	66	18
1335	44	70
1336	60	87
1337	74	88
1338	26	32
1339	52	80
1340	90	20
1341	97	32
1342	71	6
1343	82	25
1344	2	76
1345	67	81
1346	40	78
1347	21	45
1348	43	64
1349	29	2
1350	83	49
1351	24	64
1352	6	79
1353	43	75
1354	27	29
1355	99	26
1356	94	88
1357	22	73
1358	27	88
1359	98	45
1360	84	49
1361	2	90
1362	11	16
1363	73	1
1364	16	98
1365	15	94
1366	2	80
1367	16	88
1368	94	75
1369	57	76
1370	75	80
1371	89	58
1372	31	57
1373	18	19
1374	75	57
1375	15	5
1376	5	76
1377	81	73
1378	56	6
1379	28	70
1380	57	5
1381	62	68
1382	43	26
1383	87	16
1384	55	19
1385	3	92
1386	10	15
1387	51	21
1388	60	9
1389	65	24
1390	7	17
1391	15	76
1392	8	84
1393	88	3
1394	81	64
1395	97	83
1396	95	36
1397	58	74
1398	91	94
1399	98	66
1400	86	81
1401	97	73
1402	82	26
1403	54	83
1404	82	8
1405	21	80
1406	99	78
1407	7	63
1408	19	6
1409	27	8
1410	6	87
1411	84	62
1412	35	65
1413	16	18
1414	7	89
1415	44	44
1416	82	62
1417	92	81
1418	41	95
1419	26	12
1420	41	47
1421	63	72
1422	24	41
1423	14	99
1424	44	52
1425	16	43
1426	85	90
1427	69	39
1428	92	47
1429	60	89
1430	24	82
1431	64	87
1432	7	64
1433	24	31
1434	27	1
1435	2	61
1436	40	50
1437	89	95
1438	53	92
1439	28	37
1440	27	24
1441	98	56
1442	92	73
1443	42	95
1444	68	80
1445	71	77
1446	63	89
1447	41	37
1448	52	79
1449	57	56
1450	63	86
1451	15	70
1452	89	87
1453	46	80
1454	32	57
1455	38	84
1456	46	35
1457	26	68
1458	41	63
1459	20	17
1460	78	79
1461	45	29
1462	97	75
1463	42	2
1464	95	19
1465	36	37
1466	42	98
1467	20	48
1468	63	23
1469	33	92
1470	9	59
1471	30	52
1472	14	66
1473	49	36
1474	4	67
1475	41	89
1476	94	51
1477	71	97
1478	65	90
1479	19	1
1480	34	31
1481	82	3
1482	91	81
1483	88	11
1484	51	87
1485	95	38
1486	13	41
1487	60	33
1488	45	57
1489	89	1
1490	31	76
1491	53	66
1492	10	62
1493	36	21
1494	60	46
1495	61	88
1496	98	74
1497	100	78
1498	43	80
1499	80	40
1500	8	49
1501	47	19
1502	56	87
1503	49	40
1504	47	72
1505	35	44
1506	81	29
1507	51	69
1508	54	90
1509	88	90
1510	73	85
1511	27	21
1512	91	88
1513	29	74
1514	25	33
1515	82	78
1516	48	69
1517	17	99
1518	11	35
1519	4	72
1520	29	11
1521	70	2
1522	78	16
1523	33	57
1524	77	15
1525	87	90
1526	62	48
1527	68	85
1528	27	84
1529	5	86
1530	38	18
1531	75	15
1532	42	21
1533	16	97
1534	100	73
1535	82	76
1536	79	1
1537	100	69
1538	77	59
1539	50	65
1540	68	19
1541	14	93
1542	53	36
1543	69	43
1544	98	57
1545	17	84
1546	34	93
1547	28	13
1548	90	77
1549	71	87
1550	64	22
1551	74	3
1552	52	52
1553	14	59
1554	23	85
1555	21	33
1556	88	76
1557	95	76
1558	39	89
1559	33	17
1560	76	2
1561	30	93
1562	4	92
1563	97	68
1564	92	29
1565	11	76
1566	19	86
1567	55	6
1568	51	56
1569	62	45
1570	18	99
1571	6	50
1572	88	97
1573	63	57
1574	94	13
1575	91	65
1576	49	84
1577	50	55
1578	60	82
1579	61	9
1580	70	9
1581	29	23
1582	71	82
1583	53	82
1584	25	25
1585	94	37
1586	61	62
1587	24	17
1588	79	67
1589	17	87
1590	38	89
1591	48	99
1592	91	50
1593	60	22
1594	48	1
1595	38	73
1596	13	61
1597	82	71
1598	97	44
1599	82	6
1600	55	32
1601	27	99
1602	49	93
1603	3	53
1604	48	82
1605	78	90
1606	87	55
1607	71	14
1608	39	3
1609	4	24
1610	30	86
1611	43	50
1612	72	45
1613	73	32
1614	41	99
1615	37	73
1616	70	52
1617	46	46
1618	74	85
1619	7	74
1620	70	33
1621	31	77
1622	83	83
1623	19	51
1624	55	8
1625	1	22
1626	14	79
1627	75	48
1628	72	18
1629	59	4
1630	80	82
1631	23	21
1632	95	56
1633	15	68
1634	78	45
1635	99	18
1636	83	40
1637	69	44
1638	45	39
1639	62	51
1640	48	58
1641	98	78
1642	73	7
1643	97	65
1644	8	56
1645	87	72
1646	45	8
1647	61	3
1648	33	9
1649	29	73
1650	45	64
1651	41	12
1652	56	13
1653	4	10
1654	76	18
1655	44	32
1656	56	85
1657	96	90
1658	23	63
1659	59	11
1660	87	37
1661	7	22
1662	7	79
1663	4	52
1664	68	30
1665	9	99
1666	100	45
1667	7	68
1668	2	43
1669	21	25
1670	1	47
1671	67	93
1672	41	74
1673	37	68
1674	39	70
1675	49	57
1676	23	93
1677	31	73
1678	40	64
1679	66	38
1680	32	66
1681	73	65
1682	69	63
1683	97	66
1684	32	92
1685	94	70
1686	95	41
1687	82	20
1688	92	23
1689	13	80
1690	26	10
1691	77	26
1692	32	50
1693	81	15
1694	67	67
1695	27	76
1696	76	40
1697	94	42
1698	13	12
1699	1	95
1700	88	43
1701	38	53
1702	7	96
1703	27	5
1704	47	87
1705	36	65
1706	35	43
1707	97	89
1708	13	27
1709	83	1
1710	12	35
1711	22	92
1712	13	18
1713	83	32
1714	55	95
1715	59	12
1716	44	91
1717	67	68
1718	48	92
1719	68	57
1720	45	59
1721	47	21
1722	39	5
1723	11	66
1724	60	72
1725	33	88
1726	41	26
1727	3	7
1728	44	8
1729	76	31
1730	49	99
1731	88	16
1732	47	94
1733	40	9
1734	71	93
1735	9	55
1736	2	49
1737	76	11
1738	45	85
1739	36	82
1740	78	63
1741	1	4
1742	77	76
1743	93	47
1744	5	55
1745	90	18
1746	41	68
1747	33	48
1748	7	40
1749	17	35
1750	91	55
1751	22	6
1752	39	80
1753	87	12
1754	39	51
1755	52	75
1756	24	35
1757	15	45
1758	43	59
1759	96	50
1760	56	16
1761	40	36
1762	76	14
1763	59	51
1764	17	43
1765	96	30
1766	75	95
1767	86	57
1768	30	76
1769	7	11
1770	47	42
1771	53	44
1772	54	25
1773	67	12
1774	30	73
1775	86	79
1776	52	36
1777	5	25
1778	19	96
1779	9	44
1780	24	49
1781	53	10
1782	23	18
1783	24	68
1784	92	98
1785	25	67
1786	3	84
1787	10	19
1788	10	86
1789	68	24
1790	1	20
1791	4	33
1792	63	2
1793	19	37
1794	3	46
1795	95	12
1796	67	37
1797	41	70
1798	35	52
1799	87	57
1800	65	41
1801	37	20
1802	4	59
1803	34	82
1804	32	37
1805	46	43
1806	1	63
1807	73	5
1808	58	98
1809	100	10
1810	17	94
1811	96	85
1812	37	92
1813	82	66
1814	49	82
1815	19	83
1816	92	99
1817	60	67
1818	15	73
1819	37	15
1820	13	35
1821	21	98
1822	40	88
1823	88	35
1824	63	87
1825	72	54
1826	1	3
1827	21	46
1828	14	88
1829	2	91
1830	71	13
1831	33	35
1832	69	70
1833	81	99
1834	44	56
1835	100	80
1836	44	71
1837	93	33
1838	56	53
1839	56	17
1840	40	56
1841	97	11
1842	69	25
1843	90	4
1844	74	46
1845	20	52
1846	23	37
1847	98	69
1848	9	17
1849	75	25
1850	74	83
1851	45	74
1852	24	30
1853	46	17
1854	81	5
1855	95	77
1856	12	92
1857	77	56
1858	8	31
1859	8	39
1860	25	59
1861	72	28
1862	98	99
1863	64	74
1864	41	15
1865	19	94
1866	56	76
1867	65	57
1868	15	8
1869	35	45
1870	25	87
1871	49	27
1872	53	89
1873	89	92
1874	72	92
1875	73	54
1876	78	81
1877	64	7
1878	68	97
1879	69	85
1880	65	6
1881	13	9
1882	37	3
1883	38	30
1884	69	12
1885	9	56
1886	47	11
1887	61	58
1888	47	98
1889	86	12
1890	60	95
1891	81	51
1892	14	18
1893	45	3
1894	75	29
1895	94	91
1896	89	38
1897	1	89
1898	46	32
1899	54	8
1900	47	77
1901	17	64
1902	63	26
1903	66	70
1904	65	53
1905	53	52
1906	82	38
1907	88	6
1908	60	32
1909	22	64
1910	42	10
1911	32	73
1912	21	64
1913	71	29
1914	16	76
1915	28	42
1916	60	96
1917	65	87
1918	45	69
1919	30	87
1920	95	40
1921	86	86
1922	4	71
1923	6	93
1924	86	21
1925	48	43
1926	7	32
1927	65	86
1928	76	68
1929	28	8
1930	8	96
1931	3	11
1932	56	81
1933	58	22
1934	92	50
1935	42	97
1936	53	59
1937	94	31
1938	22	68
1939	95	27
1940	38	90
1941	89	40
1942	9	61
1943	54	18
1944	22	66
1945	87	76
1946	2	28
1947	96	69
1948	90	39
1949	73	79
1950	52	44
1951	2	74
1952	46	20
1953	73	33
1954	96	73
1955	35	1
1956	67	32
1957	35	59
1958	97	80
1959	48	67
1960	63	34
1961	33	44
1962	11	82
1963	100	52
1964	28	10
1965	22	55
1966	11	1
1967	34	11
1968	11	22
1969	88	67
1970	33	78
1971	67	45
1972	17	49
1973	22	69
1974	89	71
1975	100	27
1976	21	61
1977	87	3
1978	29	79
1979	5	85
1980	80	94
1981	42	6
1982	57	80
1983	93	10
1984	69	50
1985	86	84
1986	81	71
1987	64	46
1988	97	20
1989	2	45
1990	33	41
1991	54	33
1992	26	52
1993	68	1
1994	86	73
1995	23	48
1996	3	37
1997	69	45
1998	26	5
1999	99	90
2000	55	7
2001	21	8
2002	26	81
2003	23	81
2004	75	13
2005	21	82
2006	15	39
2007	37	55
2008	38	16
2009	99	84
2010	19	24
2011	73	45
2012	97	78
2013	41	97
2014	84	9
2015	68	75
2016	87	84
2017	96	22
2018	95	14
2019	33	40
2020	89	31
2021	91	76
2022	38	81
2023	57	91
2024	92	55
2025	1	94
2026	86	88
2027	2	6
2028	59	78
2029	18	60
2030	34	72
2031	20	51
2032	94	24
2033	85	65
2034	14	10
2035	34	9
2036	59	95
2037	37	5
2038	17	61
2039	24	93
2040	39	16
2041	13	63
2042	28	28
2043	34	32
2044	1	41
2045	89	52
2046	71	15
2047	6	98
2048	31	36
2049	55	71
2050	91	90
2051	57	55
2052	12	89
2053	5	30
2054	17	8
2055	61	66
2056	100	20
2057	15	15
2058	73	83
2059	47	28
2060	40	29
2061	34	60
2062	88	8
2063	32	35
2064	2	33
2065	35	77
2066	3	3
2067	86	5
2068	32	71
2069	84	98
2070	70	41
2071	63	74
2072	71	9
2073	18	67
2074	46	45
2075	53	15
2076	89	72
2077	5	2
2078	7	98
2079	86	40
2080	86	98
2081	13	31
2082	11	12
2083	63	82
2084	17	20
2085	9	97
2086	91	45
2087	4	65
2088	13	75
2089	21	86
2090	47	55
2091	22	51
2092	74	84
2093	7	65
2094	57	24
2095	35	54
2096	45	89
2097	83	76
2098	53	33
2099	83	98
2100	35	49
2101	1	62
2102	20	76
2103	84	3
2104	92	51
2105	98	88
2106	5	84
2107	14	80
2108	65	85
2109	54	32
2110	67	85
2111	30	25
2112	97	88
2113	14	65
2114	21	31
2115	27	72
2116	50	70
2117	16	81
2118	23	92
2119	48	81
2120	27	55
2121	81	31
2122	64	28
2123	49	43
2124	42	94
2125	89	64
2126	82	67
2127	68	68
2128	89	19
2129	89	49
2130	76	8
2131	10	27
2132	99	52
2133	45	91
2134	79	33
2135	23	10
2136	82	5
2137	33	45
2138	97	24
2139	39	99
2140	89	61
2141	47	89
2142	5	78
2143	56	72
2144	56	20
2145	57	70
2146	88	91
2147	8	40
2148	64	42
2149	60	66
2150	50	11
2151	79	61
2152	62	2
2153	39	52
2154	1	10
2155	52	9
2156	70	76
2157	84	35
2158	70	61
2159	68	11
2160	86	87
2161	12	20
2162	2	77
2163	83	6
2164	39	11
2165	99	2
2166	97	16
2167	32	34
2168	20	78
2169	28	33
2170	31	6
2171	30	31
2172	21	32
2173	100	21
2174	41	77
2175	53	63
2176	76	80
2177	26	86
2178	24	47
2179	29	32
2180	35	56
2181	74	18
2182	7	34
2183	3	2
2184	52	48
2185	96	83
2186	92	22
2187	28	56
2188	23	77
2189	62	26
2190	32	97
2191	90	33
2192	95	73
2193	99	44
2194	59	36
2195	23	83
2196	64	33
2197	98	86
2198	32	94
2199	30	13
2200	38	58
2201	8	85
2202	9	89
2203	30	91
2204	23	4
2205	97	95
2206	9	86
2207	23	82
2208	80	16
2209	91	10
2210	34	34
2211	45	62
2212	54	48
2213	94	35
2214	14	24
2215	95	39
2216	59	93
2217	66	5
2218	61	70
2219	77	30
2220	98	54
2221	65	38
2222	4	12
2223	84	99
2224	47	30
2225	52	45
2226	11	79
2227	15	61
2228	55	59
2229	69	1
2230	43	47
2231	78	44
2232	60	45
2233	31	23
2234	54	98
2235	52	47
2236	83	12
2237	69	72
2238	11	99
2239	6	39
2240	44	16
2241	41	33
2242	38	95
2243	91	47
2244	53	93
2245	35	88
2246	41	50
2247	42	18
2248	22	3
2249	91	80
2250	44	94
2251	33	50
2252	32	80
2253	64	75
2254	26	4
2255	80	85
2256	23	74
2257	48	86
2258	38	76
2259	91	92
2260	86	96
2261	10	11
2262	52	12
2263	18	8
2264	99	40
2265	33	99
2266	72	31
2267	71	75
2268	64	15
2269	78	65
2270	58	60
2271	57	82
2272	46	63
2273	71	4
2274	64	8
2275	72	26
2276	3	24
2277	59	60
2278	87	35
2279	90	42
2280	30	3
2281	45	50
2282	24	5
2283	3	48
2284	62	69
2285	99	28
2286	61	11
2287	15	67
2288	77	45
2289	1	91
2290	63	64
2291	97	74
2292	9	49
2293	97	69
2294	45	19
2295	44	26
2296	32	52
2297	48	49
2298	28	40
2299	91	87
2300	87	83
2301	49	94
2302	6	89
2303	9	85
2304	51	47
2305	30	9
2306	40	71
2307	94	61
2308	6	91
2309	21	52
2310	48	77
2311	7	48
2312	79	22
2313	42	24
2314	89	51
2315	36	57
2316	8	58
2317	3	90
2318	43	91
2319	29	65
2320	14	72
2321	45	9
2322	60	80
2323	71	17
2324	34	22
2325	61	25
2326	45	58
2327	82	70
2328	88	57
2329	34	19
2330	32	31
2331	34	83
2332	18	76
2333	32	96
2334	13	11
2335	90	23
2336	71	53
2337	50	2
2338	75	92
2339	62	35
2340	21	67
2341	62	37
2342	44	12
2343	91	98
2344	33	22
2345	70	56
2346	31	78
2347	96	77
2348	8	25
2349	30	74
2350	13	17
2351	48	52
2352	10	60
2353	30	47
2354	99	61
2355	3	28
2356	73	12
2357	90	84
2358	62	38
2359	48	39
2360	54	69
2361	22	95
2362	22	13
2363	77	83
2364	40	15
2365	6	1
2366	20	43
2367	35	37
2368	97	72
2369	35	38
2370	95	93
2371	98	32
2372	64	35
2373	96	11
2374	7	39
2375	77	60
2376	6	84
2377	40	85
2378	5	44
2379	15	10
2380	45	84
2381	55	99
2382	64	51
2383	67	86
2384	27	96
2385	96	32
2386	54	80
2387	42	63
2388	81	22
2389	13	7
2390	44	29
2391	41	92
2392	72	97
2393	75	90
2394	74	28
2395	54	86
2396	26	11
2397	23	78
2398	74	64
2399	61	22
2400	9	51
2401	3	89
2402	59	31
2403	50	88
2404	52	11
2405	12	59
2406	81	68
2407	45	35
2408	85	64
2409	44	36
2410	95	26
2411	11	44
2412	65	32
2413	13	46
2414	24	23
2415	44	4
2416	28	55
2417	9	25
2418	2	48
2419	40	67
2420	19	92
2421	53	74
2422	45	53
2423	8	71
2424	69	4
2425	71	18
2426	34	38
2427	78	26
2428	41	19
2429	4	87
2430	63	41
2431	49	62
2432	64	21
2433	51	25
2434	96	46
2435	68	12
2436	4	51
2437	99	91
2438	82	4
2439	40	94
2440	93	1
2441	68	69
2442	85	54
2443	92	17
2444	9	10
2445	33	55
2446	21	44
2447	8	68
2448	76	19
2449	93	83
2450	78	10
2451	33	62
2452	69	61
2453	57	88
2454	93	60
2455	99	22
2456	62	76
2457	95	23
2458	72	46
2459	16	84
2460	11	86
2461	51	30
2462	46	13
2463	15	66
2464	50	5
2465	63	8
2466	79	4
2467	57	75
2468	28	59
2469	45	77
2470	16	70
2471	99	57
2472	1	26
2473	39	22
2474	39	20
2475	83	52
2476	65	91
2477	28	86
2478	55	45
2479	39	69
2480	12	52
2481	65	4
2482	76	13
2483	70	63
2484	27	12
2485	76	47
2486	56	92
2487	84	94
2488	39	45
2489	9	7
2490	25	88
2491	98	84
2492	22	65
2493	95	95
2494	12	13
2495	51	28
2496	67	26
2497	13	67
2498	93	77
2499	61	1
2500	69	6
2501	32	75
2502	14	98
2503	20	6
2504	49	2
2505	5	52
2506	88	73
2507	50	80
2508	38	3
2509	12	81
2510	90	95
2511	99	39
2512	49	20
2513	31	96
2514	42	37
2515	60	75
2516	63	37
2517	35	66
2518	21	60
2519	18	86
2520	94	86
2521	33	11
2522	93	86
2523	94	92
2524	79	39
2525	93	40
2526	43	23
2527	97	64
2528	20	35
2529	25	9
2530	67	21
2531	1	7
2532	31	5
2533	33	96
2534	51	32
2535	98	70
2536	57	42
2537	19	26
2538	78	91
2539	8	2
2540	44	5
2541	14	43
2542	41	57
2543	28	26
2544	6	46
2545	100	99
2546	56	9
2547	85	16
2548	95	94
2549	28	73
2550	42	1
2551	78	97
2552	29	88
2553	85	6
2554	93	67
2555	59	9
2556	19	36
2557	71	80
2558	4	39
2559	11	46
2560	25	82
2561	99	95
2562	61	78
2563	13	3
2564	36	98
2565	38	63
2566	39	75
2567	38	59
2568	94	18
2569	60	69
2570	44	11
2571	48	78
2572	41	91
2573	30	66
2574	5	73
2575	6	10
2576	63	20
2577	18	10
2578	72	38
2579	41	60
2580	75	88
2581	30	18
2582	73	88
2583	53	95
2584	92	24
2585	11	73
2586	3	76
2587	98	20
2588	91	21
2589	55	74
2590	12	36
2591	79	79
2592	43	16
2593	79	40
2594	40	61
2595	26	88
2596	24	70
2597	49	85
2598	22	59
2599	83	85
2600	38	61
2601	32	2
2602	74	42
2603	76	23
2604	78	5
2605	15	27
2606	31	62
2607	65	27
2608	28	74
2609	4	89
2610	56	95
2611	27	93
2612	82	52
2613	61	20
2614	54	35
2615	46	26
2616	46	42
2617	63	69
2618	55	39
2619	81	18
2620	54	67
2621	84	8
2622	84	72
2623	28	2
2624	89	93
2625	75	51
2626	55	18
2627	86	70
2628	21	43
2629	14	2
2630	4	1
2631	72	9
2632	12	75
2633	53	11
2634	83	61
2635	76	62
2636	38	64
2637	53	25
2638	26	62
2639	86	89
2640	79	3
2641	71	79
2642	97	39
2643	88	21
2644	29	15
2645	40	20
2646	73	4
2647	60	70
2648	75	65
2649	23	41
2650	3	85
2651	3	62
2652	72	10
2653	43	95
2654	71	67
2655	51	57
2656	38	25
2657	77	31
2658	13	70
2659	66	12
2660	29	45
2661	55	72
2662	30	54
2663	24	66
2664	9	87
2665	59	18
2666	57	69
2667	47	47
2668	30	41
2669	87	38
2670	52	89
2671	85	58
2672	58	87
2673	27	13
2674	20	10
2675	50	1
2676	94	49
2677	49	67
2678	88	18
2679	2	41
2680	34	71
2681	26	40
2682	59	57
2683	59	44
2684	7	16
2685	69	76
2686	53	27
2687	22	20
2688	97	93
2689	36	13
2690	72	52
2691	3	77
2692	25	99
2693	49	90
2694	39	66
2695	65	79
2696	46	36
2697	83	62
2698	96	27
2699	17	30
2700	91	97
2701	32	43
2702	13	87
2703	76	27
2704	74	43
2705	24	6
2706	62	78
2707	81	82
2708	34	8
2709	45	24
2710	45	26
2711	93	18
2712	92	95
2713	10	99
2714	18	66
2715	44	84
2716	19	32
2717	31	21
2718	74	93
2719	49	97
2720	85	3
2721	55	27
2722	71	30
2723	42	34
2724	14	27
2725	56	33
2726	59	50
2727	36	11
2728	28	38
2729	86	27
2730	69	58
2731	1	53
2732	41	75
2733	98	48
2734	2	92
2735	54	72
2736	41	35
2737	48	7
2738	57	33
2739	48	83
2740	34	21
2741	37	47
2742	10	21
2743	18	6
2744	54	94
2745	36	32
2746	27	83
2747	38	26
2748	46	24
2749	58	3
2750	49	72
2751	52	13
2752	53	31
2753	98	39
2754	89	90
2755	16	77
2756	83	36
2757	18	51
2758	96	48
2759	71	94
2760	31	88
2761	46	44
2762	100	50
2763	18	69
2764	39	54
2765	51	59
2766	80	91
2767	91	16
2768	18	36
2769	22	35
2770	52	39
2771	85	28
2772	7	27
2773	62	62
2774	10	77
2775	63	91
2776	4	88
2777	55	22
2778	63	78
2779	59	79
2780	10	20
2781	74	11
2782	72	27
2783	71	85
2784	76	64
2785	72	85
2786	17	14
2787	97	18
2788	21	41
2789	75	68
2790	20	69
2791	50	69
2792	47	6
2793	31	38
2794	60	37
2795	67	49
2796	37	80
2797	64	25
2798	50	87
2799	21	63
2800	1	14
2801	72	22
2802	26	72
2803	70	53
2804	44	27
2805	73	78
2806	25	16
2807	10	75
2808	99	15
2809	24	21
2810	4	49
2811	62	77
2812	85	19
2813	24	88
2814	94	2
2815	47	90
2816	45	71
2817	25	62
2818	8	51
2819	42	22
2820	33	38
2821	54	53
2822	77	69
2823	16	10
2824	63	59
2825	39	55
2826	12	94
2827	73	93
2828	75	99
2829	60	77
2830	95	9
2831	20	13
2832	45	46
2833	40	45
2834	9	96
2835	30	69
2836	42	27
2837	53	58
2838	61	4
2839	62	6
2840	71	86
2841	8	44
2842	47	95
2843	45	27
2844	6	23
2845	6	67
2846	81	45
2847	76	67
2848	15	55
2849	38	31
2850	78	80
2851	84	80
2852	60	14
2853	13	72
2854	17	3
2855	29	41
2856	22	32
2857	66	46
2858	44	54
2859	11	93
2860	38	83
2861	30	72
2862	88	20
2863	76	41
2864	91	4
2865	25	80
2866	93	14
2867	37	60
2868	89	11
2869	96	91
2870	87	95
2871	27	57
2872	29	20
2873	20	81
2874	4	80
2875	23	42
2876	79	54
2877	38	66
2878	68	73
2879	76	70
2880	50	54
2881	94	12
2882	24	11
2883	59	89
2884	29	55
2885	53	16
2886	50	62
2887	16	22
2888	49	23
2889	42	93
2890	70	69
2891	36	67
2892	61	79
2893	72	56
2894	69	88
2895	7	14
2896	82	61
2897	22	44
2898	20	74
2899	33	10
2900	27	64
2901	15	52
2902	88	63
2903	58	16
2904	92	36
2905	55	75
2906	28	18
2907	28	5
2908	84	44
2909	55	9
2910	98	9
2911	44	90
2912	51	52
2913	86	92
2914	35	99
2915	35	40
2916	55	50
2917	34	81
2918	24	8
2919	95	3
2920	82	97
2921	19	12
2922	84	41
2923	7	29
2924	74	98
2925	14	91
2926	43	45
2927	54	3
2928	56	93
2929	81	9
2930	36	86
2931	58	21
2932	59	10
2933	7	59
2934	9	33
2935	36	54
2936	18	34
2937	16	59
2938	22	45
2939	57	27
2940	14	64
2941	11	92
2942	70	74
2943	2	96
2944	70	10
2945	67	30
2946	81	37
2947	24	33
2948	17	90
2949	51	3
2950	69	87
2951	80	63
2952	21	12
2953	67	46
2954	38	92
2955	98	17
2956	10	34
2957	77	48
2958	54	11
2959	29	34
2960	50	3
2961	67	14
2962	98	63
2963	58	70
2964	30	38
2965	68	79
2966	85	32
2967	92	1
2968	12	67
2969	44	37
2970	70	47
2971	44	93
2972	5	90
2973	93	51
2974	12	54
2975	44	38
2976	43	76
2977	66	15
2978	64	52
2979	74	49
2980	33	69
2981	88	25
2982	91	3
2983	41	64
2984	42	96
2985	58	91
2986	14	16
2987	59	88
2988	19	35
2989	38	15
2990	87	19
2991	16	87
2992	9	40
2993	17	79
2994	39	94
2995	83	90
2996	55	93
2997	33	18
2998	56	32
2999	60	90
3000	80	61
3001	51	31
3002	96	41
3003	85	43
3004	81	47
3005	29	85
3006	20	44
3007	58	14
3008	62	34
3009	3	33
3010	58	27
3011	94	68
3012	63	63
3013	9	19
3014	79	15
3015	58	81
3016	83	69
3017	78	70
3018	10	39
3019	26	65
3020	80	88
3021	86	24
3022	49	25
3023	84	50
3024	42	68
3025	29	8
3026	89	25
3027	94	48
3028	69	34
3029	95	57
3030	21	50
3031	57	53
3032	90	78
3033	42	49
3034	98	49
3035	90	61
3036	75	91
3037	42	32
3038	52	27
3039	60	15
3040	78	77
3041	39	74
3042	57	26
3043	12	79
3044	73	87
3045	99	45
3046	53	70
3047	36	64
3048	4	81
3049	34	76
3050	90	21
3051	11	36
3052	8	7
3053	13	40
3054	3	47
3055	46	22
3056	76	81
3057	11	11
3058	30	82
3059	49	77
3060	42	38
3061	8	32
3062	95	48
3063	1	5
3064	2	78
3065	49	1
3066	5	72
3067	5	69
3068	74	92
3069	17	42
3070	88	27
3071	45	61
3072	17	76
3073	14	73
3074	58	89
3075	59	94
3076	82	35
3077	88	4
3078	1	42
3079	90	58
3080	27	31
3081	70	16
3082	55	37
3083	1	43
3084	75	8
3085	76	95
3086	43	22
3087	74	95
3088	85	69
3089	2	69
3090	23	60
3091	10	90
3092	74	30
3093	13	25
3094	97	86
3095	62	19
3096	44	53
3097	25	58
3098	39	63
3099	16	56
3100	46	65
3101	13	97
3102	54	55
3103	5	23
3104	31	13
3105	72	75
3106	42	64
3107	12	17
3108	7	36
3109	48	9
3110	69	33
3111	68	78
3112	2	71
3113	3	15
3114	10	4
3115	23	13
3116	10	9
3117	85	15
3118	53	13
3119	62	1
3120	78	7
3121	9	48
3122	21	99
3123	40	68
3124	94	95
3125	62	72
3126	92	4
3127	100	8
3128	12	87
3129	27	87
3130	3	22
3131	29	4
3132	22	89
3133	95	5
3134	53	97
3135	39	9
3136	24	63
3137	10	82
3138	65	29
3139	86	20
3140	9	13
3141	38	21
3142	90	27
3143	31	75
3144	16	68
3145	59	48
3146	79	49
3147	59	22
3148	34	75
3149	22	50
3150	35	48
3151	71	68
3152	23	31
3153	16	57
3154	87	30
3155	50	49
3156	52	61
3157	11	26
3158	99	27
3159	37	11
3160	31	68
3161	17	16
3162	71	54
3163	4	66
3164	81	42
3165	5	41
3166	93	94
3167	48	22
3168	82	83
3169	70	99
3170	84	97
3171	26	51
3172	63	39
3173	87	52
3174	15	31
3175	12	74
3176	55	79
3177	34	59
3178	41	11
3179	13	20
3180	1	48
3181	62	14
3182	34	25
3183	62	74
3184	80	75
3185	92	76
3186	65	19
3187	23	23
3188	66	69
3189	56	37
3190	14	51
3191	29	83
3192	78	68
3193	35	85
3194	11	47
3195	79	48
3196	5	31
3197	3	69
3198	54	77
3199	40	11
3200	46	15
3201	77	23
3202	92	40
3203	67	51
3204	2	66
3205	62	73
3206	71	7
3207	16	62
3208	47	75
3209	49	61
3210	41	53
3211	43	30
3212	18	28
3213	1	77
3214	29	71
3215	68	23
3216	91	22
3217	56	3
3218	79	24
3219	73	17
3220	91	93
3221	7	84
3222	78	55
3223	10	85
3224	72	74
3225	54	91
3226	53	42
3227	16	99
3228	72	91
3229	15	81
3230	37	2
3231	86	51
3232	53	7
3233	8	63
3234	60	71
3235	70	70
3236	1	36
3237	43	61
3238	43	4
3239	60	84
3240	33	66
3241	52	21
3242	96	55
3243	61	63
3244	80	48
3245	9	54
3246	41	7
3247	2	87
3248	7	7
3249	20	19
3250	28	53
3251	74	76
3252	84	5
3253	3	75
3254	3	82
3255	10	87
3256	9	60
3257	59	86
3258	88	41
3259	30	59
3260	21	6
3261	22	31
3262	34	97
3263	55	83
3264	18	42
3265	51	9
3266	96	34
3267	9	45
3268	85	29
3269	80	21
3270	16	6
3271	8	78
3272	50	8
3273	35	53
3274	26	25
3275	31	1
3276	50	83
3277	62	96
3278	31	49
3279	34	52
3280	50	28
3281	7	5
3282	73	28
3283	63	60
3284	99	54
3285	6	2
3286	29	50
3287	53	17
3288	8	13
3289	19	38
3290	79	85
3291	33	77
3292	21	36
3293	12	15
3294	62	41
3295	9	70
3296	45	93
3297	62	10
3298	81	23
3299	100	53
3300	57	62
3301	19	75
3302	48	95
3303	70	29
3304	6	68
3305	26	21
3306	8	3
3307	26	28
3308	53	12
3309	2	58
3310	61	68
3311	63	13
3312	16	24
3313	1	38
3314	79	87
3315	42	45
3316	28	83
3317	57	35
3318	85	73
3319	31	52
3320	89	57
3321	19	2
3322	19	73
3323	79	86
3324	43	93
3325	93	92
3326	7	80
3327	33	72
3328	40	8
3329	21	11
3330	70	97
3331	77	66
3332	72	72
3333	16	51
3334	53	45
3335	56	46
3336	99	1
3337	3	83
3338	62	98
3339	73	69
3340	78	32
3341	73	84
3342	85	82
3343	67	99
3344	7	47
3345	36	93
3346	97	14
3347	78	75
3348	59	68
3349	40	99
3350	38	68
3351	58	68
3352	85	30
3353	6	35
3354	84	91
3355	4	37
3356	93	4
3357	64	76
3358	94	87
3359	78	89
3360	10	47
3361	84	29
3362	100	55
3363	92	94
3364	60	50
3365	46	12
3366	66	23
3367	45	94
3368	50	99
3369	50	17
3370	93	55
3371	62	87
3372	46	74
3373	13	88
3374	84	83
3375	92	5
3376	54	60
3377	74	80
3378	52	46
3379	18	16
3380	94	97
3381	15	99
3382	63	80
3383	83	15
3384	66	74
3385	11	3
3386	37	52
3387	42	13
3388	25	90
3389	58	83
3390	12	18
3391	92	43
3392	21	78
3393	6	94
3394	9	37
3395	3	5
3396	4	74
3397	48	17
3398	33	23
3399	67	76
3400	72	19
3401	5	13
3402	17	41
3403	23	15
3404	43	13
3405	53	49
3406	53	21
3407	28	89
3408	26	89
3409	30	35
3410	48	4
3411	19	41
3412	26	67
3413	83	19
3414	24	54
3415	60	6
3416	3	87
3417	83	97
3418	75	49
3419	10	69
3420	66	57
3421	36	78
3422	69	49
3423	27	20
3424	19	44
3425	14	77
3426	14	32
3427	45	76
3428	42	70
3429	74	50
3430	32	28
3431	22	97
3432	16	36
3433	51	39
3434	11	18
3435	100	65
3436	73	48
3437	91	61
3438	5	32
3439	68	36
3440	44	73
3441	66	29
3442	70	67
3443	100	68
3444	24	55
3445	33	76
3446	66	83
3447	95	4
3448	13	69
3449	10	7
3450	33	15
3451	92	48
3452	21	26
3453	31	25
3454	31	17
3455	48	54
3456	15	72
3457	56	74
3458	20	92
3459	87	89
3460	82	88
3461	3	68
3462	8	65
3463	90	13
3464	28	22
3465	20	21
3466	81	34
3467	87	91
3468	79	59
3469	51	17
3470	32	67
3471	55	90
3472	5	9
3473	51	90
3474	3	30
3475	5	70
3476	18	48
3477	18	73
3478	10	45
3479	13	60
3480	63	30
3481	43	3
3482	72	16
3483	33	47
3484	67	18
3485	90	75
3486	63	28
3487	70	78
3488	86	58
3489	27	22
3490	7	99
3491	36	63
3492	68	28
3493	40	60
3494	35	81
3495	68	7
3496	77	10
3497	100	40
3498	98	50
3499	40	59
3500	70	83
3501	48	36
3502	80	46
3503	24	45
3504	97	42
3505	72	41
3506	59	77
3507	16	45
3508	83	88
3509	78	33
3510	98	15
3511	48	12
3512	18	22
3513	3	1
3514	100	79
3515	92	28
3516	37	17
3517	67	57
3518	57	50
3519	55	78
3520	34	7
3521	33	97
3522	56	50
3523	6	85
3524	85	22
3525	84	84
3526	59	7
3527	80	32
3528	23	22
3529	11	65
3530	86	34
3531	73	90
3532	13	98
3533	12	91
3534	87	60
3535	98	81
3536	77	49
3537	1	93
3538	81	94
3539	91	36
3540	41	39
3541	4	63
3542	64	13
3543	25	12
3544	46	18
3545	16	74
3546	9	20
3547	37	95
3548	38	7
3549	66	27
3550	77	67
3551	47	3
3552	27	75
3553	84	37
3554	6	3
3555	99	50
3556	87	78
3557	35	83
3558	52	37
3559	13	8
3560	57	20
3561	14	86
3562	66	90
3563	47	81
3564	7	88
3565	17	91
3566	15	60
3567	90	8
3568	22	40
3569	10	52
3570	34	96
3571	66	76
3572	89	59
3573	96	13
3574	72	69
3575	67	2
3576	26	27
3577	2	31
3578	30	15
3579	4	41
3580	28	82
3581	45	38
3582	92	14
3583	1	74
3584	4	26
3585	48	51
3586	16	26
3587	76	53
3588	34	67
3589	78	73
3590	60	94
3591	55	16
3592	22	14
3593	80	74
3594	63	10
3595	80	55
3596	71	62
3597	60	11
3598	77	93
3599	79	37
3600	15	54
3601	7	10
3602	98	41
3603	11	8
3604	17	95
3605	83	38
3606	19	27
3607	100	15
3608	41	85
3609	7	73
3610	85	48
3611	35	16
3612	10	67
3613	77	14
3614	10	12
3615	51	98
3616	33	2
3617	58	20
3618	81	41
3619	19	13
3620	80	59
3621	90	10
3622	54	59
3623	44	95
3624	61	37
3625	3	25
3626	11	17
3627	55	51
3628	63	85
3629	96	21
3630	31	56
3631	88	93
3632	33	25
3633	57	78
3634	27	19
3635	3	14
3636	80	35
3637	70	6
3638	42	40
3639	86	45
3640	68	88
3641	36	28
3642	100	11
3643	92	58
3644	97	53
3645	4	14
3646	25	28
3647	4	8
3648	95	60
3649	22	21
3650	21	59
3651	3	81
3652	82	93
3653	56	67
3654	98	8
3655	71	90
3656	37	18
3657	94	93
3658	43	7
3659	6	36
3660	59	34
3661	83	46
3662	38	55
3663	84	13
3664	20	27
3665	71	40
3666	57	68
3667	60	83
3668	60	10
3669	20	45
3670	54	43
3671	27	95
3672	37	27
3673	83	7
3674	9	3
3675	57	43
3676	35	80
3677	60	56
3678	9	6
3679	27	89
3680	7	21
3681	65	74
3682	19	71
3683	90	29
3684	35	71
3685	42	17
3686	37	42
3687	94	40
3688	64	54
3689	24	7
3690	30	90
3691	7	23
3692	45	81
3693	51	48
3694	41	56
3695	60	39
3696	56	77
3697	31	15
3698	29	24
3699	59	28
3700	6	95
3701	82	47
3702	21	4
3703	77	61
3704	25	32
3705	2	52
3706	72	71
3707	93	29
3708	57	77
3709	1	71
3710	84	58
3711	60	49
3712	89	26
3713	20	49
3714	81	79
3715	94	6
3716	42	9
3717	39	90
3718	56	10
3719	77	71
3720	43	32
3721	44	34
3722	16	69
3723	60	20
3724	26	18
3725	36	80
3726	61	39
3727	36	7
3728	84	74
3729	100	41
3730	52	71
3731	38	28
3732	67	58
3733	47	93
3734	66	17
3735	83	80
3736	48	84
3737	100	44
3738	21	66
3739	10	13
3740	88	98
3741	23	99
3742	37	78
3743	64	84
3744	45	11
3745	6	73
3746	25	68
3747	96	47
3748	85	78
3749	21	53
3750	35	39
3751	24	73
3752	26	48
3753	45	49
3754	59	21
3755	70	90
3756	30	61
3757	44	24
3758	66	2
3759	2	26
3760	6	90
3761	61	12
3762	34	66
3763	2	62
3764	53	78
3765	14	96
3766	99	43
3767	90	83
3768	54	37
3769	80	84
3770	24	91
3771	7	76
3772	32	89
3773	65	95
3774	56	90
3775	33	75
3776	6	55
3777	10	63
3778	59	58
3779	58	41
3780	83	11
3781	65	37
3782	24	44
3783	25	20
3784	91	57
3785	89	63
3786	29	17
3787	1	15
3788	48	28
3789	48	40
3790	32	95
3791	49	86
3792	57	61
3793	9	28
3794	65	35
3795	98	76
3796	41	66
3797	11	59
3798	92	16
3799	61	95
3800	40	13
3801	19	58
3802	20	23
3803	16	82
3804	67	82
3805	14	3
3806	82	32
3807	77	41
3808	2	55
3809	80	5
3810	29	51
3811	75	27
3812	31	83
3813	98	38
3814	45	32
3815	21	15
3816	75	42
3817	19	55
3818	86	19
3819	44	98
3820	87	69
3821	6	74
3822	89	24
3823	12	45
3824	23	3
3825	19	19
3826	65	77
3827	76	49
3828	6	96
3829	6	7
3830	71	38
3831	4	44
3832	84	78
3833	37	50
3834	13	15
3835	71	31
3836	2	56
3837	20	73
3838	19	10
3839	3	55
3840	71	2
3841	35	4
3842	15	35
3843	37	99
3844	13	53
3845	85	95
3846	61	48
3847	41	22
3848	45	86
3849	59	83
3850	24	9
3851	85	76
3852	10	49
3853	19	47
3854	44	65
3855	35	28
3856	57	63
3857	75	7
3858	20	63
3859	24	40
3860	44	9
3861	52	25
3862	29	6
3863	100	9
3864	44	45
3865	45	43
3866	56	55
3867	60	17
3868	27	92
3869	59	80
3870	2	19
3871	16	91
3872	86	72
3873	45	78
3874	18	14
3875	2	99
3876	68	44
3877	46	66
3878	75	41
3879	59	55
3880	77	33
3881	34	85
3882	69	16
3883	19	87
3884	92	71
3885	86	33